0.000000 1.000000 1.000000 1.000000 1.000000 
0.004000 0.999992 0.999992 0.999992 0.999992 
0.008000 0.999968 0.999968 0.999968 0.999968 
0.012000 0.999928 0.999928 0.999928 0.999928 
0.016000 0.999872 0.999872 0.999872 0.999872 
0.020000 0.999800 0.999800 0.999800 0.999800 
0.024000 0.999712 0.999712 0.999712 0.999712 
0.028000 0.999608 0.999608 0.999608 0.999608 
0.032000 0.999488 0.999488 0.999488 0.999488 
0.036000 0.999352 0.999352 0.999352 0.999352 
0.040000 0.999200 0.999200 0.999200 0.999200 
0.044000 0.999032 0.999032 0.999032 0.999032 
0.048000 0.998848 0.998848 0.998848 0.998848 
0.052000 0.998648 0.998648 0.998648 0.998648 
0.056000 0.998432 0.998432 0.998432 0.998432 
0.060000 0.998201 0.998200 0.998201 0.998201 
0.064000 0.997953 0.997952 0.997953 0.997953 
0.068000 0.997689 0.997688 0.997689 0.997689 
0.072000 0.997409 0.997408 0.997409 0.997409 
0.076000 0.997113 0.997112 0.997113 0.997113 
0.080000 0.996802 0.996800 0.996802 0.996802 
0.084000 0.996474 0.996472 0.996474 0.996474 
0.088000 0.996130 0.996128 0.996130 0.996130 
0.092000 0.995771 0.995768 0.995771 0.995771 
0.096000 0.995396 0.995392 0.995396 0.995396 
0.100000 0.995004 0.995000 0.995004 0.995004 
0.104000 0.994597 0.994592 0.994597 0.994597 
0.108000 0.994174 0.994168 0.994174 0.994174 
0.112000 0.993735 0.993728 0.993735 0.993735 
0.116000 0.993280 0.993272 0.993280 0.993280 
0.120000 0.992809 0.992800 0.992809 0.992809 
0.124000 0.992322 0.992312 0.992322 0.992322 
0.128000 0.991819 0.991808 0.991819 0.991819 
0.132000 0.991301 0.991288 0.991301 0.991301 
0.136000 0.990766 0.990752 0.990766 0.990766 
0.140000 0.990216 0.990200 0.990216 0.990216 
0.144000 0.989650 0.989632 0.989650 0.989650 
0.148000 0.989068 0.989048 0.989068 0.989068 
0.152000 0.988470 0.988448 0.988470 0.988470 
0.156000 0.987857 0.987832 0.987857 0.987857 
0.160000 0.987227 0.987200 0.987227 0.987227 
0.164000 0.986582 0.986552 0.986582 0.986582 
0.168000 0.985921 0.985888 0.985921 0.985921 
0.172000 0.985244 0.985208 0.985244 0.985244 
0.176000 0.984552 0.984512 0.984552 0.984552 
0.180000 0.983844 0.983800 0.983844 0.983844 
0.184000 0.983120 0.983072 0.983120 0.983120 
0.188000 0.982380 0.982328 0.982380 0.982380 
0.192000 0.981625 0.981568 0.981625 0.981625 
0.196000 0.980853 0.980792 0.980853 0.980853 
0.200000 0.980067 0.980000 0.980067 0.980067 
0.204000 0.979264 0.979192 0.979264 0.979264 
0.208000 0.978446 0.978368 0.978446 0.978446 
0.212000 0.977612 0.977528 0.977612 0.977612 
0.216000 0.976763 0.976672 0.976763 0.976763 
0.220000 0.975897 0.975800 0.975898 0.975897 
0.224000 0.975017 0.974912 0.975017 0.975017 
0.228000 0.974120 0.974008 0.974121 0.974120 
0.232000 0.973208 0.973088 0.973209 0.973208 
0.236000 0.972281 0.972152 0.972281 0.972281 
0.240000 0.971338 0.971200 0.971338 0.971338 
0.244000 0.970379 0.970232 0.970380 0.970379 
0.248000 0.969405 0.969248 0.969406 0.969405 
0.252000 0.968416 0.968248 0.968416 0.968416 
0.256000 0.967411 0.967232 0.967411 0.967411 
0.260000 0.966390 0.966200 0.966390 0.966390 
0.264000 0.965354 0.965152 0.965354 0.965354 
0.268000 0.964302 0.964088 0.964303 0.964302 
0.272000 0.963236 0.963008 0.963236 0.963236 
0.276000 0.962153 0.961912 0.962154 0.962153 
0.280000 0.961055 0.960800 0.961056 0.961055 
0.284000 0.959942 0.959672 0.959943 0.959942 
0.288000 0.958814 0.958528 0.958815 0.958814 
0.292000 0.957670 0.957368 0.957671 0.957670 
0.296000 0.956511 0.956192 0.956512 0.956511 
0.300000 0.955336 0.955000 0.955337 0.955336 
0.304000 0.954147 0.953792 0.954148 0.954147 
0.308000 0.952942 0.952568 0.952943 0.952942 
0.312000 0.951722 0.951328 0.951723 0.951722 
0.316000 0.950486 0.950072 0.950487 0.950486 
0.320000 0.949235 0.948800 0.949237 0.949235 
0.324000 0.947970 0.947512 0.947971 0.947970 
0.328000 0.946689 0.946208 0.946690 0.946689 
0.332000 0.945392 0.944888 0.945394 0.945392 
0.336000 0.944081 0.943552 0.944083 0.944081 
0.340000 0.942755 0.942200 0.942757 0.942755 
0.344000 0.941413 0.940832 0.941415 0.941413 
0.348000 0.940057 0.939448 0.940059 0.940057 
0.352000 0.938685 0.938048 0.938688 0.938685 
0.356000 0.937298 0.936632 0.937301 0.937298 
0.360000 0.935897 0.935200 0.935900 0.935897 
0.364000 0.934480 0.933752 0.934483 0.934480 
0.368000 0.933049 0.932288 0.933052 0.933049 
0.372000 0.931602 0.930808 0.931606 0.931602 
0.376000 0.930141 0.929312 0.930145 0.930141 
0.380000 0.928665 0.927800 0.928669 0.928665 
0.384000 0.927174 0.926272 0.927178 0.927174 
0.388000 0.925668 0.924728 0.925672 0.925668 
0.392000 0.924147 0.923168 0.924152 0.924147 
0.396000 0.922611 0.921592 0.922617 0.922611 
0.400000 0.921061 0.920000 0.921067 0.921061 
0.404000 0.919496 0.918392 0.919502 0.919496 
0.408000 0.917916 0.916768 0.917923 0.917916 
0.412000 0.916322 0.915128 0.916329 0.916322 
0.416000 0.914713 0.913472 0.914720 0.914713 
0.420000 0.913089 0.911800 0.913097 0.913089 
0.424000 0.911451 0.910112 0.911459 0.911451 
0.428000 0.909798 0.908408 0.909806 0.909798 
0.432000 0.908130 0.906688 0.908139 0.908130 
0.436000 0.906448 0.904952 0.906458 0.906448 
0.440000 0.904752 0.903200 0.904762 0.904752 
0.444000 0.903041 0.901432 0.903051 0.903041 
0.448000 0.901315 0.899648 0.901326 0.901315 
0.452000 0.899575 0.897848 0.899587 0.899575 
0.456000 0.897821 0.896032 0.897834 0.897821 
0.460000 0.896052 0.894200 0.896066 0.896052 
0.464000 0.894270 0.892352 0.894283 0.894269 
0.468000 0.892472 0.890488 0.892487 0.892472 
0.472000 0.890661 0.888608 0.890676 0.890661 
0.476000 0.888835 0.886712 0.888851 0.888835 
0.480000 0.886995 0.884800 0.887012 0.886995 
0.484000 0.885141 0.882872 0.885158 0.885141 
0.488000 0.883272 0.880928 0.883291 0.883272 
0.492000 0.881390 0.878968 0.881409 0.881390 
0.496000 0.879493 0.876992 0.879514 0.879493 
0.500000 0.877583 0.875000 0.877604 0.877582 
0.504000 0.875658 0.872992 0.875681 0.875658 
0.508000 0.873719 0.870968 0.873743 0.873719 
0.512000 0.871766 0.868928 0.871791 0.871766 
0.516000 0.869800 0.866872 0.869826 0.869800 
0.520000 0.867819 0.864800 0.867847 0.867819 
0.524000 0.865825 0.862712 0.865853 0.865825 
0.528000 0.863816 0.860608 0.863846 0.863816 
0.532000 0.861794 0.858488 0.861826 0.861794 
0.536000 0.859758 0.856352 0.859791 0.859758 
0.540000 0.857709 0.854200 0.857743 0.857709 
0.544000 0.855645 0.852032 0.855681 0.855645 
0.548000 0.853568 0.849848 0.853606 0.853568 
0.552000 0.851477 0.847648 0.851517 0.851477 
0.556000 0.849373 0.845432 0.849414 0.849373 
0.560000 0.847255 0.843200 0.847298 0.847255 
0.564000 0.845124 0.840952 0.845168 0.845123 
0.568000 0.842979 0.838688 0.843025 0.842978 
0.572000 0.840820 0.836408 0.840868 0.840820 
0.576000 0.838648 0.834112 0.838698 0.838648 
0.580000 0.836463 0.831800 0.836515 0.836462 
0.584000 0.834264 0.829472 0.834319 0.834264 
0.588000 0.832052 0.827128 0.832109 0.832051 
0.592000 0.829826 0.824768 0.829886 0.829826 
0.596000 0.827588 0.822392 0.827649 0.827587 
0.600000 0.825336 0.820000 0.825400 0.825335 
0.604000 0.823070 0.817592 0.823137 0.823070 
0.608000 0.820792 0.815168 0.820862 0.820792 
0.612000 0.818501 0.812728 0.818573 0.818500 
0.616000 0.816196 0.810272 0.816271 0.816196 
0.620000 0.813878 0.807800 0.813957 0.813878 
0.624000 0.811548 0.805312 0.811629 0.811547 
0.628000 0.809204 0.802808 0.809289 0.809204 
0.632000 0.806848 0.800288 0.806935 0.806847 
0.636000 0.804478 0.797752 0.804569 0.804477 
0.640000 0.802096 0.795200 0.802191 0.802095 
0.644000 0.799701 0.792632 0.799799 0.799700 
0.648000 0.797293 0.790048 0.797395 0.797292 
0.652000 0.794872 0.787448 0.794978 0.794871 
0.656000 0.792438 0.784832 0.792548 0.792438 
0.660000 0.789992 0.782200 0.790106 0.789991 
0.664000 0.787533 0.779552 0.787652 0.787533 
0.668000 0.785062 0.776888 0.785184 0.785061 
0.672000 0.782578 0.774208 0.782705 0.782577 
0.676000 0.780082 0.771512 0.780213 0.780081 
0.680000 0.777573 0.768800 0.777709 0.777572 
0.684000 0.775051 0.766072 0.775192 0.775050 
0.688000 0.772518 0.763328 0.772664 0.772516 
0.692000 0.769971 0.760568 0.770123 0.769970 
0.696000 0.767413 0.757792 0.767569 0.767412 
0.700000 0.764842 0.755000 0.765004 0.764841 
0.704000 0.762259 0.752192 0.762427 0.762258 
0.708000 0.759664 0.749368 0.759837 0.759662 
0.712000 0.757057 0.746528 0.757236 0.757055 
0.716000 0.754437 0.743672 0.754623 0.754436 
0.720000 0.751806 0.740800 0.751997 0.751804 
0.724000 0.749162 0.737912 0.749360 0.749160 
0.728000 0.746507 0.735008 0.746711 0.746505 
0.732000 0.743839 0.732088 0.744051 0.743837 
0.736000 0.741160 0.729152 0.741378 0.741158 
0.740000 0.738469 0.726200 0.738694 0.738466 
0.744000 0.735766 0.723232 0.735999 0.735763 
0.748000 0.733051 0.720248 0.733292 0.733048 
0.752000 0.730324 0.717248 0.730573 0.730322 
0.756000 0.727586 0.714232 0.727843 0.727583 
0.760000 0.724836 0.711200 0.725101 0.724833 
0.764000 0.722075 0.708152 0.722348 0.722072 
0.768000 0.719302 0.705088 0.719584 0.719299 
0.772000 0.716517 0.702008 0.716808 0.716514 
0.776000 0.713721 0.698912 0.714021 0.713718 
0.780000 0.710914 0.695800 0.711223 0.710910 
0.784000 0.708095 0.692672 0.708414 0.708091 
0.788000 0.705265 0.689528 0.705593 0.705261 
0.792000 0.702423 0.686368 0.702762 0.702419 
0.796000 0.699571 0.683192 0.699920 0.699567 
0.800000 0.696707 0.680000 0.697067 0.696703 
0.804000 0.693832 0.676792 0.694203 0.693827 
0.808000 0.690946 0.673568 0.691328 0.690941 
0.812000 0.688048 0.670328 0.688442 0.688044 
0.816000 0.685140 0.667072 0.685546 0.685135 
0.820000 0.682221 0.663800 0.682638 0.682216 
0.824000 0.679291 0.660512 0.679721 0.679286 
0.828000 0.676350 0.657208 0.676792 0.676345 
0.832000 0.673399 0.653888 0.673854 0.673393 
0.836000 0.670436 0.650552 0.670904 0.670430 
0.840000 0.667463 0.647200 0.667945 0.667457 
0.844000 0.664479 0.643832 0.664975 0.664473 
0.848000 0.661484 0.640448 0.661994 0.661478 
0.852000 0.658479 0.637048 0.659004 0.658472 
0.856000 0.655464 0.633632 0.656003 0.655457 
0.860000 0.652437 0.630200 0.652992 0.652430 
0.864000 0.649401 0.626752 0.649971 0.649393 
0.868000 0.646354 0.623288 0.646940 0.646346 
0.872000 0.643297 0.619808 0.643899 0.643288 
0.876000 0.640229 0.616312 0.640848 0.640220 
0.880000 0.637151 0.612800 0.637787 0.637142 
0.884000 0.634063 0.609272 0.634717 0.634054 
0.888000 0.630965 0.605728 0.631636 0.630955 
0.892000 0.627857 0.602168 0.628546 0.627847 
0.896000 0.624738 0.598592 0.625447 0.624728 
0.900000 0.621610 0.595000 0.622337 0.621599 
0.904000 0.618472 0.591392 0.619219 0.618461 
0.908000 0.615324 0.587768 0.616091 0.615312 
0.912000 0.612166 0.584128 0.612953 0.612154 
0.916000 0.608998 0.580472 0.609806 0.608986 
0.920000 0.605820 0.576800 0.606650 0.605808 
0.924000 0.602633 0.573112 0.603484 0.602620 
0.928000 0.599436 0.569408 0.600310 0.599423 
0.932000 0.596230 0.565688 0.597126 0.596216 
0.936000 0.593014 0.561952 0.593933 0.592999 
0.940000 0.589788 0.558200 0.590731 0.589773 
0.944000 0.586553 0.554432 0.587520 0.586538 
0.948000 0.583309 0.550648 0.584301 0.583293 
0.952000 0.580055 0.546848 0.581072 0.580039 
0.956000 0.576792 0.543032 0.577835 0.576775 
0.960000 0.573520 0.539200 0.574589 0.573502 
0.964000 0.570239 0.535352 0.571335 0.570220 
0.968000 0.566948 0.531488 0.568072 0.566929 
0.972000 0.563649 0.527608 0.564800 0.563629 
0.976000 0.560340 0.523712 0.561520 0.560320 
0.980000 0.557023 0.519800 0.558232 0.557002 
0.984000 0.553696 0.515872 0.554935 0.553675 
0.988000 0.550361 0.511928 0.551630 0.550339 
0.992000 0.547017 0.507968 0.548317 0.546994 
0.996000 0.543664 0.503992 0.544996 0.543640 
1.000000 0.540302 0.500000 0.541667 0.540278 
1.004000 0.536932 0.495992 0.538329 0.536907 
1.008000 0.533553 0.491968 0.534984 0.533527 
1.012000 0.530166 0.487928 0.531631 0.530139 
1.016000 0.526770 0.483872 0.528270 0.526742 
1.020000 0.523366 0.479800 0.524901 0.523337 
1.024000 0.519953 0.475712 0.521525 0.519924 
1.028000 0.516532 0.471608 0.518141 0.516502 
1.032000 0.513103 0.467488 0.514750 0.513072 
1.036000 0.509666 0.463352 0.511351 0.509633 
1.040000 0.506220 0.459200 0.507944 0.506187 
1.044000 0.502767 0.455032 0.504530 0.502732 
1.048000 0.499305 0.450848 0.501109 0.499269 
1.052000 0.495835 0.446648 0.497681 0.495798 
1.056000 0.492358 0.442432 0.494246 0.492320 
1.060000 0.488872 0.438200 0.490803 0.488833 
1.064000 0.485379 0.433952 0.487354 0.485339 
1.068000 0.481878 0.429688 0.483897 0.481836 
1.072000 0.478369 0.425408 0.480434 0.478326 
1.076000 0.474852 0.421112 0.476964 0.474808 
1.080000 0.471328 0.416800 0.473487 0.471283 
1.084000 0.467797 0.412472 0.470004 0.467750 
1.088000 0.464258 0.408128 0.466513 0.464210 
1.092000 0.460711 0.403768 0.463017 0.460662 
1.096000 0.457157 0.399392 0.459514 0.457106 
1.100000 0.453596 0.395000 0.456004 0.453544 
1.104000 0.450028 0.390592 0.452488 0.449974 
1.108000 0.446452 0.386168 0.448966 0.446396 
1.112000 0.442869 0.381728 0.445438 0.442812 
1.116000 0.439279 0.377272 0.441904 0.439220 
1.120000 0.435682 0.372800 0.438363 0.435622 
1.124000 0.432079 0.368312 0.434817 0.432016 
1.128000 0.428468 0.363808 0.431265 0.428404 
1.132000 0.424850 0.359288 0.427707 0.424784 
1.136000 0.421226 0.354752 0.424143 0.421158 
1.140000 0.417595 0.350200 0.420573 0.417525 
1.144000 0.413957 0.345632 0.416998 0.413885 
1.148000 0.410312 0.341048 0.413418 0.410238 
1.152000 0.406661 0.336448 0.409832 0.406585 
1.156000 0.403004 0.331832 0.406240 0.402926 
1.160000 0.399340 0.327200 0.402643 0.399259 
1.164000 0.395669 0.322552 0.399041 0.395587 
1.168000 0.391992 0.317888 0.395434 0.391908 
1.172000 0.388309 0.313208 0.391822 0.388222 
1.176000 0.384620 0.308512 0.388205 0.384531 
1.180000 0.380925 0.303800 0.384582 0.380833 
1.184000 0.377223 0.299072 0.380955 0.377129 
1.188000 0.373516 0.294328 0.377323 0.373419 
1.192000 0.369802 0.289568 0.373687 0.369703 
1.196000 0.366083 0.284792 0.370046 0.365981 
1.200000 0.362358 0.280000 0.366400 0.362253 
1.204000 0.358627 0.275192 0.362750 0.358519 
1.208000 0.354890 0.270368 0.359095 0.354779 
1.212000 0.351147 0.265528 0.355436 0.351034 
1.216000 0.347399 0.260672 0.351773 0.347283 
1.220000 0.343646 0.255800 0.348106 0.343526 
1.224000 0.339887 0.250912 0.344434 0.339764 
1.228000 0.336122 0.246008 0.340759 0.335996 
1.232000 0.332352 0.241088 0.337079 0.332223 
1.236000 0.328577 0.236152 0.333396 0.328444 
1.240000 0.324796 0.231200 0.329709 0.324660 
1.244000 0.321011 0.226232 0.326018 0.320871 
1.248000 0.317220 0.221248 0.322324 0.317076 
1.252000 0.313424 0.216248 0.318626 0.313277 
1.256000 0.309623 0.211232 0.314924 0.309472 
1.260000 0.305817 0.206200 0.311220 0.305662 
1.264000 0.302006 0.201152 0.307512 0.301847 
1.268000 0.298190 0.196088 0.303800 0.298028 
1.272000 0.294370 0.191008 0.300086 0.294203 
1.276000 0.290545 0.185912 0.296369 0.290374 
1.280000 0.286715 0.180800 0.292648 0.286540 
1.284000 0.282881 0.175672 0.288925 0.282701 
1.288000 0.279042 0.170528 0.285199 0.278858 
1.292000 0.275199 0.165368 0.281470 0.275010 
1.296000 0.271351 0.160192 0.277738 0.271157 
1.300000 0.267499 0.155000 0.274004 0.267300 
1.304000 0.263642 0.149792 0.270268 0.263439 
1.308000 0.259782 0.144568 0.266529 0.259573 
1.312000 0.255917 0.139328 0.262787 0.255704 
1.316000 0.252048 0.134072 0.259044 0.251829 
1.320000 0.248175 0.128800 0.255298 0.247951 
1.324000 0.244299 0.123512 0.251551 0.244069 
1.328000 0.240418 0.118208 0.247801 0.240183 
1.332000 0.236533 0.112888 0.244049 0.236292 
1.336000 0.232645 0.107552 0.240296 0.232398 
1.340000 0.228753 0.102200 0.236541 0.228500 
1.344000 0.224857 0.096832 0.232784 0.224598 
1.348000 0.220958 0.091448 0.229026 0.220693 
1.352000 0.217055 0.086048 0.225266 0.216783 
1.356000 0.213148 0.080632 0.221505 0.212871 
1.360000 0.209239 0.075200 0.217743 0.208954 
1.364000 0.205326 0.069752 0.213979 0.205034 
1.368000 0.201409 0.064288 0.210214 0.201111 
1.372000 0.197490 0.058808 0.206448 0.197185 
1.376000 0.193567 0.053312 0.202682 0.193255 
1.380000 0.189641 0.047800 0.198914 0.189321 
1.384000 0.185712 0.042272 0.195146 0.185385 
1.388000 0.181780 0.036728 0.191377 0.181446 
1.392000 0.177845 0.031168 0.187607 0.177503 
1.396000 0.173908 0.025592 0.183837 0.173557 
1.400000 0.169967 0.020000 0.180067 0.169609 
1.404000 0.166024 0.014392 0.176296 0.165658 
1.408000 0.162078 0.008768 0.172525 0.161703 
1.412000 0.158130 0.003128 0.168754 0.157746 
1.416000 0.154179 -0.002528 0.164982 0.153787 
1.420000 0.150225 -0.008200 0.161211 0.149825 
1.424000 0.146270 -0.013888 0.157440 0.145860 
1.428000 0.142312 -0.019592 0.153669 0.141892 
1.432000 0.138351 -0.025312 0.149899 0.137922 
1.436000 0.134388 -0.031048 0.146129 0.133950 
1.440000 0.130424 -0.036800 0.142359 0.129976 
1.444000 0.126457 -0.042568 0.138590 0.125999 
1.448000 0.122488 -0.048352 0.134822 0.122020 
1.452000 0.118517 -0.054152 0.131054 0.118038 
1.456000 0.114544 -0.059968 0.127287 0.114055 
1.460000 0.110570 -0.065800 0.123522 0.110070 
1.464000 0.106593 -0.071648 0.119757 0.106082 
1.468000 0.102615 -0.077512 0.115993 0.102093 
1.472000 0.098636 -0.083392 0.112231 0.098102 
1.476000 0.094654 -0.089288 0.108470 0.094109 
1.480000 0.090672 -0.095200 0.104711 0.090114 
1.484000 0.086687 -0.101128 0.100952 0.086118 
1.488000 0.082702 -0.107072 0.097196 0.082120 
1.492000 0.078715 -0.113032 0.093441 0.078121 
1.496000 0.074727 -0.119008 0.089688 0.074120 
1.500000 0.070737 -0.125000 0.085938 0.070117 
1.504000 0.066747 -0.131008 0.082189 0.066113 
1.508000 0.062755 -0.137032 0.078442 0.062108 
1.512000 0.058762 -0.143072 0.074697 0.058102 
1.516000 0.054769 -0.149128 0.070955 0.054094 
1.520000 0.050774 -0.155200 0.067215 0.050086 
1.524000 0.046779 -0.161288 0.063477 0.046076 
1.528000 0.042783 -0.167392 0.059742 0.042065 
1.532000 0.038787 -0.173512 0.056010 0.038053 
1.536000 0.034789 -0.179648 0.052280 0.034041 
1.540000 0.030791 -0.185800 0.048554 0.030027 
1.544000 0.026793 -0.191968 0.044830 0.026013 
1.548000 0.022794 -0.198152 0.041109 0.021998 
1.552000 0.018795 -0.204352 0.037392 0.017982 
1.556000 0.014796 -0.210568 0.033678 0.013966 
1.560000 0.010796 -0.216800 0.029967 0.009949 
1.564000 0.006796 -0.223048 0.026260 0.005932 
1.568000 0.002796 -0.229312 0.022556 0.001914 
1.572000 -0.001204 -0.235592 0.018856 -0.002104 
1.576000 -0.005204 -0.241888 0.015160 -0.006122 
1.580000 -0.009204 -0.248200 0.011467 -0.010141 
1.584000 -0.013203 -0.254528 0.007779 -0.014159 
1.588000 -0.017203 -0.260872 0.004094 -0.018178 
1.592000 -0.021202 -0.267232 0.000414 -0.022197 
1.596000 -0.025201 -0.273608 -0.003262 -0.026216 
1.600000 -0.029200 -0.280000 -0.006933 -0.030235 
1.604000 -0.033198 -0.286408 -0.010600 -0.034254 
1.608000 -0.037195 -0.292832 -0.014263 -0.038272 
1.612000 -0.041192 -0.299272 -0.017921 -0.042291 
1.616000 -0.045188 -0.305728 -0.021574 -0.046309 
1.620000 -0.049184 -0.312200 -0.025222 -0.050327 
1.624000 -0.053179 -0.318688 -0.028865 -0.054344 
1.628000 -0.057172 -0.325192 -0.032503 -0.058361 
1.632000 -0.061165 -0.331712 -0.036136 -0.062377 
1.636000 -0.065157 -0.338248 -0.039763 -0.066393 
1.640000 -0.069148 -0.344800 -0.043385 -0.070408 
1.644000 -0.073138 -0.351368 -0.047002 -0.074423 
1.648000 -0.077127 -0.357952 -0.050613 -0.078436 
1.652000 -0.081114 -0.364552 -0.054218 -0.082449 
1.656000 -0.085101 -0.371168 -0.057818 -0.086461 
1.660000 -0.089085 -0.377800 -0.061411 -0.090473 
1.664000 -0.093069 -0.384448 -0.064999 -0.094483 
1.668000 -0.097051 -0.391112 -0.068580 -0.098492 
1.672000 -0.101031 -0.397792 -0.072155 -0.102500 
1.676000 -0.105010 -0.404488 -0.075724 -0.106507 
1.680000 -0.108987 -0.411200 -0.079286 -0.110512 
1.684000 -0.112962 -0.417928 -0.082841 -0.114517 
1.688000 -0.116936 -0.424672 -0.086390 -0.118520 
1.692000 -0.120907 -0.431432 -0.089932 -0.122521 
1.696000 -0.124877 -0.438208 -0.093468 -0.126522 
1.700000 -0.128844 -0.445000 -0.096996 -0.130520 
1.704000 -0.132810 -0.451808 -0.100517 -0.134517 
1.708000 -0.136774 -0.458632 -0.104031 -0.138513 
1.712000 -0.140735 -0.465472 -0.107537 -0.142507 
1.716000 -0.144694 -0.472328 -0.111036 -0.146499 
1.720000 -0.148651 -0.479200 -0.114528 -0.150489 
1.724000 -0.152605 -0.486088 -0.118012 -0.154478 
1.728000 -0.156557 -0.492992 -0.121488 -0.158465 
1.732000 -0.160506 -0.499912 -0.124956 -0.162449 
1.736000 -0.164453 -0.506848 -0.128416 -0.166432 
1.740000 -0.168397 -0.513800 -0.131868 -0.170413 
1.744000 -0.172339 -0.520768 -0.135312 -0.174391 
1.748000 -0.176278 -0.527752 -0.138748 -0.178368 
1.752000 -0.180214 -0.534752 -0.142175 -0.182342 
1.756000 -0.184147 -0.541768 -0.145593 -0.186314 
1.760000 -0.188077 -0.548800 -0.149003 -0.190283 
1.764000 -0.192004 -0.555848 -0.152404 -0.194251 
1.768000 -0.195928 -0.562912 -0.155796 -0.198215 
1.772000 -0.199849 -0.569992 -0.159180 -0.202178 
1.776000 -0.203767 -0.577088 -0.162554 -0.206137 
1.780000 -0.207681 -0.584200 -0.165918 -0.210095 
1.784000 -0.211592 -0.591328 -0.169274 -0.214049 
1.788000 -0.215500 -0.598472 -0.172620 -0.218001 
1.792000 -0.219404 -0.605632 -0.175956 -0.221950 
1.796000 -0.223305 -0.612808 -0.179283 -0.225896 
1.800000 -0.227202 -0.620000 -0.182600 -0.229839 
1.804000 -0.231096 -0.627208 -0.185907 -0.233780 
1.808000 -0.234986 -0.634432 -0.189204 -0.237717 
1.812000 -0.238872 -0.641672 -0.192491 -0.241651 
1.816000 -0.242754 -0.648928 -0.195767 -0.245583 
1.820000 -0.246632 -0.656200 -0.199034 -0.249511 
1.824000 -0.250507 -0.663488 -0.202289 -0.253436 
1.828000 -0.254377 -0.670792 -0.205534 -0.257358 
1.832000 -0.258244 -0.678112 -0.208769 -0.261276 
1.836000 -0.262106 -0.685448 -0.211992 -0.265191 
1.840000 -0.265964 -0.692800 -0.215205 -0.269103 
1.844000 -0.269818 -0.700168 -0.218406 -0.273011 
1.848000 -0.273667 -0.707552 -0.221596 -0.276916 
1.852000 -0.277512 -0.714952 -0.224775 -0.280817 
1.856000 -0.281353 -0.722368 -0.227943 -0.284715 
1.860000 -0.285189 -0.729800 -0.231099 -0.288609 
1.864000 -0.289021 -0.737248 -0.234243 -0.292499 
1.868000 -0.292848 -0.744712 -0.237375 -0.296386 
1.872000 -0.296670 -0.752192 -0.240496 -0.300269 
1.876000 -0.300487 -0.759688 -0.243604 -0.304147 
1.880000 -0.304300 -0.767200 -0.246701 -0.308022 
1.884000 -0.308108 -0.774728 -0.249785 -0.311894 
1.888000 -0.311911 -0.782272 -0.252856 -0.315761 
1.892000 -0.315709 -0.789832 -0.255916 -0.319624 
1.896000 -0.319502 -0.797408 -0.258962 -0.323483 
1.900000 -0.323290 -0.805000 -0.261996 -0.327337 
1.904000 -0.327072 -0.812608 -0.265017 -0.331188 
1.908000 -0.330850 -0.820232 -0.268025 -0.335034 
1.912000 -0.334622 -0.827872 -0.271019 -0.338876 
1.916000 -0.338388 -0.835528 -0.274001 -0.342714 
1.920000 -0.342150 -0.843200 -0.276969 -0.346547 
1.924000 -0.345905 -0.850888 -0.279924 -0.350376 
1.928000 -0.349656 -0.858592 -0.282865 -0.354201 
1.932000 -0.353400 -0.866312 -0.285792 -0.358021 
1.936000 -0.357140 -0.874048 -0.288705 -0.361836 
1.940000 -0.360873 -0.881800 -0.291605 -0.365647 
1.944000 -0.364600 -0.889568 -0.294490 -0.369453 
1.948000 -0.368322 -0.897352 -0.297361 -0.373254 
1.952000 -0.372038 -0.905152 -0.300218 -0.377051 
1.956000 -0.375748 -0.912968 -0.303060 -0.380843 
1.960000 -0.379452 -0.920800 -0.305888 -0.384629 
1.964000 -0.383150 -0.928648 -0.308701 -0.388411 
1.968000 -0.386841 -0.936512 -0.311499 -0.392189 
1.972000 -0.390527 -0.944392 -0.314282 -0.395961 
1.976000 -0.394206 -0.952288 -0.317050 -0.399728 
1.980000 -0.397879 -0.960200 -0.319803 -0.403490 
1.984000 -0.401545 -0.968128 -0.322540 -0.407247 
1.988000 -0.405206 -0.976072 -0.325262 -0.410998 
1.992000 -0.408859 -0.984032 -0.327968 -0.414745 
1.996000 -0.412506 -0.992008 -0.330659 -0.418486 
2.000000 -0.416147 -1.000000 -0.333333 -0.422222 
2.004000 -0.419781 -1.008008 -0.335992 -0.425953 
2.008000 -0.423408 -1.016032 -0.338634 -0.429678 
2.012000 -0.427028 -1.024072 -0.341261 -0.433398 
2.016000 -0.430642 -1.032128 -0.343871 -0.437112 
2.020000 -0.434248 -1.040200 -0.346464 -0.440821 
2.024000 -0.437848 -1.048288 -0.349041 -0.444525 
2.028000 -0.441441 -1.056392 -0.351601 -0.448222 
2.032000 -0.445026 -1.064512 -0.354144 -0.451915 
2.036000 -0.448605 -1.072648 -0.356670 -0.455601 
2.040000 -0.452176 -1.080800 -0.359179 -0.459282 
2.044000 -0.455740 -1.088968 -0.361670 -0.462957 
2.048000 -0.459297 -1.097152 -0.364144 -0.466626 
2.052000 -0.462846 -1.105352 -0.366601 -0.470290 
2.056000 -0.466389 -1.113568 -0.369040 -0.473947 
2.060000 -0.469923 -1.121800 -0.371461 -0.477599 
2.064000 -0.473450 -1.130048 -0.373864 -0.481244 
2.068000 -0.476970 -1.138312 -0.376249 -0.484884 
2.072000 -0.480482 -1.146592 -0.378616 -0.488518 
2.076000 -0.483986 -1.154888 -0.380964 -0.492146 
2.080000 -0.487482 -1.163200 -0.383294 -0.495767 
2.084000 -0.490971 -1.171528 -0.385606 -0.499383 
2.088000 -0.494451 -1.179872 -0.387898 -0.502992 
2.092000 -0.497924 -1.188232 -0.390172 -0.506595 
2.096000 -0.501389 -1.196608 -0.392427 -0.510192 
2.100000 -0.504846 -1.205000 -0.394663 -0.513782 
2.104000 -0.508295 -1.213408 -0.396879 -0.517366 
2.108000 -0.511736 -1.221832 -0.399076 -0.520944 
2.112000 -0.515168 -1.230272 -0.401253 -0.524516 
2.116000 -0.518592 -1.238728 -0.403411 -0.528081 
2.120000 -0.522008 -1.247200 -0.405549 -0.531639 
2.124000 -0.525416 -1.255688 -0.407667 -0.535191 
2.128000 -0.528815 -1.264192 -0.409764 -0.538737 
2.132000 -0.532206 -1.272712 -0.411842 -0.542276 
2.136000 -0.535588 -1.281248 -0.413899 -0.545808 
2.140000 -0.538961 -1.289800 -0.415936 -0.549334 
2.144000 -0.542326 -1.298368 -0.417952 -0.552853 
2.148000 -0.545683 -1.306952 -0.419947 -0.556366 
2.152000 -0.549030 -1.315552 -0.421922 -0.559872 
2.156000 -0.552369 -1.324168 -0.423875 -0.563371 
2.160000 -0.555699 -1.332800 -0.425807 -0.566863 
2.164000 -0.559020 -1.341448 -0.427718 -0.570348 
2.168000 -0.562332 -1.350112 -0.429608 -0.573827 
2.172000 -0.565635 -1.358792 -0.431475 -0.577299 
2.176000 -0.568930 -1.367488 -0.433321 -0.580763 
2.180000 -0.572215 -1.376200 -0.435146 -0.584221 
2.184000 -0.575490 -1.384928 -0.436948 -0.587672 
2.188000 -0.578757 -1.393672 -0.438728 -0.591116 
2.192000 -0.582014 -1.402432 -0.440485 -0.594553 
2.196000 -0.585262 -1.411208 -0.442221 -0.597983 
2.200000 -0.588501 -1.420000 -0.443933 -0.601405 
2.204000 -0.591730 -1.428808 -0.445623 -0.604821 
2.208000 -0.594950 -1.437632 -0.447290 -0.608230 
2.212000 -0.598160 -1.446472 -0.448934 -0.611631 
2.216000 -0.601361 -1.455328 -0.450555 -0.615025 
2.220000 -0.604552 -1.464200 -0.452153 -0.618412 
2.224000 -0.607734 -1.473088 -0.453727 -0.621792 
2.228000 -0.610905 -1.481992 -0.455278 -0.625164 
2.232000 -0.614067 -1.490912 -0.456805 -0.628530 
2.236000 -0.617219 -1.499848 -0.458308 -0.631887 
2.240000 -0.620362 -1.508800 -0.459787 -0.635238 
2.244000 -0.623494 -1.517768 -0.461242 -0.638581 
2.248000 -0.626616 -1.526752 -0.462673 -0.641917 
2.252000 -0.629729 -1.535752 -0.464079 -0.645245 
2.256000 -0.632831 -1.544768 -0.465461 -0.648566 
2.260000 -0.635923 -1.553800 -0.466818 -0.651880 
2.264000 -0.639005 -1.562848 -0.468150 -0.655186 
2.268000 -0.642076 -1.571912 -0.469457 -0.658485 
2.272000 -0.645138 -1.580992 -0.470739 -0.661776 
2.276000 -0.648189 -1.590088 -0.471995 -0.665059 
2.280000 -0.651230 -1.599200 -0.473227 -0.668335 
2.284000 -0.654260 -1.608328 -0.474432 -0.671604 
2.288000 -0.657280 -1.617472 -0.475612 -0.674864 
2.292000 -0.660289 -1.626632 -0.476766 -0.678118 
2.296000 -0.663288 -1.635808 -0.477894 -0.681363 
2.300000 -0.666276 -1.645000 -0.478996 -0.684601 
2.304000 -0.669254 -1.654208 -0.480071 -0.687832 
2.308000 -0.672220 -1.663432 -0.481120 -0.691054 
2.312000 -0.675176 -1.672672 -0.482143 -0.694269 
2.316000 -0.678122 -1.681928 -0.483138 -0.697476 
2.320000 -0.681056 -1.691200 -0.484107 -0.700676 
2.324000 -0.683979 -1.700488 -0.485049 -0.703867 
2.328000 -0.686892 -1.709792 -0.485963 -0.707051 
2.332000 -0.689793 -1.719112 -0.486850 -0.710227 
2.336000 -0.692684 -1.728448 -0.487710 -0.713396 
2.340000 -0.695563 -1.737800 -0.488542 -0.716556 
2.344000 -0.698432 -1.747168 -0.489346 -0.719709 
2.348000 -0.701289 -1.756552 -0.490122 -0.722854 
2.352000 -0.704135 -1.765952 -0.490870 -0.725991 
2.356000 -0.706969 -1.775368 -0.491590 -0.729120 
2.360000 -0.709793 -1.784800 -0.492281 -0.732242 
2.364000 -0.712605 -1.794248 -0.492944 -0.735355 
2.368000 -0.715405 -1.803712 -0.493579 -0.738461 
2.372000 -0.718194 -1.813192 -0.494184 -0.741559 
2.376000 -0.720972 -1.822688 -0.494760 -0.744648 
2.380000 -0.723738 -1.832200 -0.495307 -0.747730 
2.384000 -0.726492 -1.841728 -0.495825 -0.750804 
2.388000 -0.729235 -1.851272 -0.496313 -0.753870 
2.392000 -0.731966 -1.860832 -0.496772 -0.756928 
2.396000 -0.734686 -1.870408 -0.497201 -0.759979 
2.400000 -0.737394 -1.880000 -0.497600 -0.763021 
2.404000 -0.740090 -1.889608 -0.497969 -0.766055 
2.408000 -0.742774 -1.899232 -0.498308 -0.769081 
2.412000 -0.745446 -1.908872 -0.498616 -0.772100 
2.416000 -0.748106 -1.918528 -0.498894 -0.775110 
2.420000 -0.750755 -1.928200 -0.499141 -0.778112 
2.424000 -0.753391 -1.937888 -0.499357 -0.781107 
2.428000 -0.756015 -1.947592 -0.499542 -0.784093 
2.432000 -0.758627 -1.957312 -0.499696 -0.787071 
2.436000 -0.761227 -1.967048 -0.499819 -0.790042 
2.440000 -0.763815 -1.976800 -0.499910 -0.793004 
2.444000 -0.766391 -1.986568 -0.499970 -0.795958 
2.448000 -0.768954 -1.996352 -0.499998 -0.798905 
2.452000 -0.771505 -2.006152 -0.499994 -0.801843 
2.456000 -0.774044 -2.015968 -0.499958 -0.804773 
2.460000 -0.776570 -2.025800 -0.499889 -0.807696 
2.464000 -0.779084 -2.035648 -0.499788 -0.810610 
2.468000 -0.781586 -2.045512 -0.499655 -0.813517 
2.472000 -0.784075 -2.055392 -0.499489 -0.816415 
2.476000 -0.786551 -2.065288 -0.499290 -0.819305 
2.480000 -0.789015 -2.075200 -0.499057 -0.822188 
2.484000 -0.791466 -2.085128 -0.498792 -0.825062 
2.488000 -0.793904 -2.095072 -0.498494 -0.827929 
2.492000 -0.796330 -2.105032 -0.498161 -0.830787 
2.496000 -0.798743 -2.115008 -0.497796 -0.833638 
2.500000 -0.801144 -2.125000 -0.497396 -0.836480 
2.504000 -0.803531 -2.135008 -0.496962 -0.839315 
2.508000 -0.805906 -2.145032 -0.496494 -0.842141 
2.512000 -0.808267 -2.155072 -0.495992 -0.844960 
2.516000 -0.810616 -2.165128 -0.495455 -0.847771 
2.520000 -0.812952 -2.175200 -0.494884 -0.850573 
2.524000 -0.815275 -2.185288 -0.494278 -0.853368 
2.528000 -0.817585 -2.195392 -0.493637 -0.856155 
2.532000 -0.819881 -2.205512 -0.492961 -0.858934 
2.536000 -0.822165 -2.215648 -0.492249 -0.861706 
2.540000 -0.824435 -2.225800 -0.491502 -0.864469 
2.544000 -0.826693 -2.235968 -0.490720 -0.867224 
2.548000 -0.828937 -2.246152 -0.489902 -0.869972 
2.552000 -0.831167 -2.256352 -0.489047 -0.872712 
2.556000 -0.833385 -2.266568 -0.488157 -0.875444 
2.560000 -0.835589 -2.276800 -0.487230 -0.878168 
2.564000 -0.837780 -2.287048 -0.486267 -0.880884 
2.568000 -0.839957 -2.297312 -0.485268 -0.883593 
2.572000 -0.842121 -2.307592 -0.484231 -0.886293 
2.576000 -0.844271 -2.317888 -0.483158 -0.888986 
2.580000 -0.846408 -2.328200 -0.482047 -0.891672 
2.584000 -0.848531 -2.338528 -0.480900 -0.894349 
2.588000 -0.850641 -2.348872 -0.479715 -0.897019 
2.592000 -0.852737 -2.359232 -0.478492 -0.899682 
2.596000 -0.854820 -2.369608 -0.477232 -0.902336 
2.600000 -0.856889 -2.380000 -0.475933 -0.904983 
2.604000 -0.858944 -2.390408 -0.474597 -0.907622 
2.608000 -0.860985 -2.400832 -0.473222 -0.910254 
2.612000 -0.863013 -2.411272 -0.471809 -0.912878 
2.616000 -0.865027 -2.421728 -0.470358 -0.915495 
2.620000 -0.867027 -2.432200 -0.468867 -0.918104 
2.624000 -0.869013 -2.442688 -0.467338 -0.920705 
2.628000 -0.870985 -2.453192 -0.465770 -0.923300 
2.632000 -0.872943 -2.463712 -0.464162 -0.925886 
2.636000 -0.874888 -2.474248 -0.462515 -0.928465 
2.640000 -0.876818 -2.484800 -0.460828 -0.931037 
2.644000 -0.878734 -2.495368 -0.459102 -0.933602 
2.648000 -0.880636 -2.505952 -0.457335 -0.936159 
2.652000 -0.882524 -2.516552 -0.455529 -0.938709 
2.656000 -0.884398 -2.527168 -0.453682 -0.941251 
2.660000 -0.886258 -2.537800 -0.451795 -0.943786 
2.664000 -0.888104 -2.548448 -0.449867 -0.946314 
2.668000 -0.889935 -2.559112 -0.447899 -0.948835 
2.672000 -0.891753 -2.569792 -0.445890 -0.951349 
2.676000 -0.893556 -2.580488 -0.443839 -0.953855 
2.680000 -0.895344 -2.591200 -0.441747 -0.956355 
2.684000 -0.897119 -2.601928 -0.439614 -0.958847 
2.688000 -0.898879 -2.612672 -0.437439 -0.961332 
2.692000 -0.900624 -2.623432 -0.435222 -0.963811 
2.696000 -0.902355 -2.634208 -0.432963 -0.966282 
2.700000 -0.904072 -2.645000 -0.430662 -0.968747 
2.704000 -0.905774 -2.655808 -0.428319 -0.971204 
2.708000 -0.907462 -2.666632 -0.425934 -0.973655 
2.712000 -0.909135 -2.677472 -0.423505 -0.976099 
2.716000 -0.910794 -2.688328 -0.421034 -0.978536 
2.720000 -0.912438 -2.699200 -0.418520 -0.980966 
2.724000 -0.914068 -2.710088 -0.415963 -0.983390 
2.728000 -0.915683 -2.720992 -0.413362 -0.985807 
2.732000 -0.917283 -2.731912 -0.410717 -0.988217 
2.736000 -0.918869 -2.742848 -0.408029 -0.990621 
2.740000 -0.920440 -2.753800 -0.405298 -0.993018 
2.744000 -0.921996 -2.764768 -0.402522 -0.995409 
2.748000 -0.923537 -2.775752 -0.399701 -0.997793 
2.752000 -0.925064 -2.786752 -0.396837 -1.000171 
2.756000 -0.926576 -2.797768 -0.393928 -1.002543 
2.760000 -0.928073 -2.808800 -0.390974 -1.004908 
2.764000 -0.929555 -2.819848 -0.387975 -1.007267 
2.768000 -0.931022 -2.830912 -0.384931 -1.009620 
2.772000 -0.932475 -2.841992 -0.381842 -1.011967 
2.776000 -0.933912 -2.853088 -0.378707 -1.014307 
2.780000 -0.935335 -2.864200 -0.375526 -1.016642 
2.784000 -0.936742 -2.875328 -0.372300 -1.018970 
2.788000 -0.938135 -2.886472 -0.369028 -1.021293 
2.792000 -0.939512 -2.897632 -0.365709 -1.023610 
2.796000 -0.940875 -2.908808 -0.362345 -1.025920 
2.800000 -0.942222 -2.920000 -0.358933 -1.028225 
2.804000 -0.943555 -2.931208 -0.355475 -1.030525 
2.808000 -0.944872 -2.942432 -0.351970 -1.032818 
2.812000 -0.946174 -2.953672 -0.348418 -1.035106 
2.816000 -0.947461 -2.964928 -0.344819 -1.037389 
2.820000 -0.948733 -2.976200 -0.341172 -1.039665 
2.824000 -0.949990 -2.987488 -0.337478 -1.041937 
2.828000 -0.951231 -2.998792 -0.333736 -1.044203 
2.832000 -0.952458 -3.010112 -0.329946 -1.046463 
2.836000 -0.953669 -3.021448 -0.326107 -1.048719 
2.840000 -0.954865 -3.032800 -0.322221 -1.050969 
2.844000 -0.956045 -3.044168 -0.318286 -1.053214 
2.848000 -0.957210 -3.055552 -0.314302 -1.055454 
2.852000 -0.958360 -3.066952 -0.310269 -1.057689 
2.856000 -0.959495 -3.078368 -0.306187 -1.059919 
2.860000 -0.960614 -3.089800 -0.302056 -1.062144 
2.864000 -0.961718 -3.101248 -0.297875 -1.064364 
2.868000 -0.962806 -3.112712 -0.293645 -1.066579 
2.872000 -0.963879 -3.124192 -0.289365 -1.068790 
2.876000 -0.964937 -3.135688 -0.285035 -1.070996 
2.880000 -0.965979 -3.147200 -0.280655 -1.073198 
2.884000 -0.967006 -3.158728 -0.276225 -1.075395 
2.888000 -0.968017 -3.170272 -0.271744 -1.077587 
2.892000 -0.969013 -3.181832 -0.267212 -1.079776 
2.896000 -0.969993 -3.193408 -0.262630 -1.081960 
2.900000 -0.970958 -3.205000 -0.257996 -1.084139 
2.904000 -0.971907 -3.216608 -0.253311 -1.086315 
2.908000 -0.972841 -3.228232 -0.248574 -1.088487 
2.912000 -0.973759 -3.239872 -0.243786 -1.090654 
2.916000 -0.974662 -3.251528 -0.238946 -1.092818 
2.920000 -0.975549 -3.263200 -0.234054 -1.094978 
2.924000 -0.976420 -3.274888 -0.229110 -1.097134 
2.928000 -0.977276 -3.286592 -0.224114 -1.099287 
2.932000 -0.978116 -3.298312 -0.219064 -1.101435 
2.936000 -0.978940 -3.310048 -0.213962 -1.103581 
2.940000 -0.979749 -3.321800 -0.208807 -1.105723 
2.944000 -0.980542 -3.333568 -0.203599 -1.107862 
2.948000 -0.981319 -3.345352 -0.198338 -1.109997 
2.952000 -0.982081 -3.357152 -0.193023 -1.112129 
2.956000 -0.982827 -3.368968 -0.187654 -1.114258 
2.960000 -0.983557 -3.380800 -0.182232 -1.116384 
2.964000 -0.984272 -3.392648 -0.176755 -1.118508 
2.968000 -0.984971 -3.404512 -0.171224 -1.120628 
2.972000 -0.985654 -3.416392 -0.165639 -1.122746 
2.976000 -0.986321 -3.428288 -0.159999 -1.124861 
2.980000 -0.986972 -3.440200 -0.154304 -1.126973 
2.984000 -0.987608 -3.452128 -0.148554 -1.129083 
2.988000 -0.988228 -3.464072 -0.142749 -1.131191 
2.992000 -0.988832 -3.476032 -0.136888 -1.133296 
2.996000 -0.989420 -3.488008 -0.130972 -1.135399 
3.000000 -0.989992 -3.500000 -0.125000 -1.137500 
3.004000 -0.990549 -3.512008 -0.118972 -1.139599 
3.008000 -0.991090 -3.524032 -0.112888 -1.141696 
3.012000 -0.991615 -3.536072 -0.106747 -1.143791 
3.016000 -0.992124 -3.548128 -0.100550 -1.145885 
3.020000 -0.992617 -3.560200 -0.094296 -1.147977 
3.024000 -0.993094 -3.572288 -0.087985 -1.150068 
3.028000 -0.993555 -3.584392 -0.081617 -1.152157 
3.032000 -0.994001 -3.596512 -0.075192 -1.154244 
3.036000 -0.994430 -3.608648 -0.068709 -1.156331 
3.040000 -0.994844 -3.620800 -0.062168 -1.158416 
3.044000 -0.995242 -3.632968 -0.055569 -1.160501 
3.048000 -0.995623 -3.645152 -0.048912 -1.162584 
3.052000 -0.995989 -3.657352 -0.042197 -1.164667 
3.056000 -0.996339 -3.669568 -0.035424 -1.166749 
3.060000 -0.996673 -3.681800 -0.028591 -1.168831 
3.064000 -0.996991 -3.694048 -0.021700 -1.170912 
3.068000 -0.997293 -3.706312 -0.014750 -1.172993 
3.072000 -0.997579 -3.718592 -0.007740 -1.175073 
3.076000 -0.997850 -3.730888 -0.000671 -1.177154 
3.080000 -0.998104 -3.743200 0.006458 -1.179234 
3.084000 -0.998342 -3.755528 0.013646 -1.181315 
3.088000 -0.998564 -3.767872 0.020895 -1.183395 
3.092000 -0.998771 -3.780232 0.028204 -1.185476 
3.096000 -0.998961 -3.792608 0.035574 -1.187558 
3.100000 -0.999135 -3.805000 0.043004 -1.189640 
3.104000 -0.999293 -3.817408 0.050495 -1.191723 
3.108000 -0.999436 -3.829832 0.058048 -1.193806 
3.112000 -0.999562 -3.842272 0.065661 -1.195891 
3.116000 -0.999673 -3.854728 0.073336 -1.197976 
3.120000 -0.999767 -3.867200 0.081073 -1.200063 
3.124000 -0.999845 -3.879688 0.088871 -1.202151 
3.128000 -0.999908 -3.892192 0.096732 -1.204240 
3.132000 -0.999954 -3.904712 0.104655 -1.206331 
3.136000 -0.999984 -3.917248 0.112640 -1.208424 
3.140000 -0.999999 -3.929800 0.120688 -1.210518 
3.144000 -0.999997 -3.942368 0.128799 -1.212615 
3.148000 -0.999979 -3.954952 0.136973 -1.214713 
3.152000 -0.999946 -3.967552 0.145210 -1.216814 
3.156000 -0.999896 -3.980168 0.153511 -1.218917 
3.160000 -0.999831 -3.992800 0.161875 -1.221022 
3.164000 -0.999749 -4.005448 0.170304 -1.223130 
3.168000 -0.999651 -4.018112 0.178796 -1.225241 
3.172000 -0.999538 -4.030792 0.187353 -1.227355 
3.176000 -0.999408 -4.043488 0.195974 -1.229471 
3.180000 -0.999263 -4.056200 0.204660 -1.231591 
3.184000 -0.999101 -4.068928 0.213411 -1.233714 
3.188000 -0.998923 -4.081672 0.222226 -1.235840 
3.192000 -0.998730 -4.094432 0.231108 -1.237970 
3.196000 -0.998520 -4.107208 0.240054 -1.240104 
3.200000 -0.998295 -4.120000 0.249067 -1.242241 
3.204000 -0.998053 -4.132808 0.258145 -1.244383 
3.208000 -0.997796 -4.145632 0.267289 -1.246529 
3.212000 -0.997522 -4.158472 0.276500 -1.248678 
3.216000 -0.997233 -4.171328 0.285778 -1.250833 
3.220000 -0.996928 -4.184200 0.295122 -1.252992 
3.224000 -0.996606 -4.197088 0.304533 -1.255155 
3.228000 -0.996269 -4.209992 0.314011 -1.257324 
3.232000 -0.995916 -4.222912 0.323556 -1.259497 
3.236000 -0.995547 -4.235848 0.333169 -1.261676 
3.240000 -0.995162 -4.248800 0.342850 -1.263860 
3.244000 -0.994761 -4.261768 0.352599 -1.266050 
3.248000 -0.994344 -4.274752 0.362416 -1.268245 
3.252000 -0.993911 -4.287752 0.372302 -1.270446 
3.256000 -0.993463 -4.300768 0.382256 -1.272653 
3.260000 -0.992998 -4.313800 0.392278 -1.274866 
3.264000 -0.992518 -4.326848 0.402370 -1.277085 
3.268000 -0.992021 -4.339912 0.412531 -1.279311 
3.272000 -0.991509 -4.352992 0.422762 -1.281543 
3.276000 -0.990981 -4.366088 0.433062 -1.283782 
3.280000 -0.990437 -4.379200 0.443432 -1.286028 
3.284000 -0.989877 -4.392328 0.453872 -1.288281 
3.288000 -0.989302 -4.405472 0.464383 -1.290542 
3.292000 -0.988710 -4.418632 0.474963 -1.292809 
3.296000 -0.988103 -4.431808 0.485615 -1.295085 
3.300000 -0.987480 -4.445000 0.496338 -1.297368 
3.304000 -0.986841 -4.458208 0.507131 -1.299659 
3.308000 -0.986186 -4.471432 0.517996 -1.301958 
3.312000 -0.985516 -4.484672 0.528932 -1.304266 
3.316000 -0.984830 -4.497928 0.539941 -1.306582 
3.320000 -0.984128 -4.511200 0.551021 -1.308907 
3.324000 -0.983410 -4.524488 0.562173 -1.311240 
3.328000 -0.982676 -4.537792 0.573398 -1.313582 
3.332000 -0.981927 -4.551112 0.584695 -1.315934 
3.336000 -0.981162 -4.564448 0.596066 -1.318295 
3.340000 -0.980382 -4.577800 0.607509 -1.320666 
3.344000 -0.979585 -4.591168 0.619025 -1.323046 
3.348000 -0.978774 -4.604552 0.630615 -1.325436 
3.352000 -0.977946 -4.617952 0.642279 -1.327836 
3.356000 -0.977103 -4.631368 0.654016 -1.330247 
3.360000 -0.976244 -4.644800 0.665828 -1.332668 
3.364000 -0.975369 -4.658248 0.677714 -1.335099 
3.368000 -0.974479 -4.671712 0.689674 -1.337542 
3.372000 -0.973573 -4.685192 0.701709 -1.339995 
3.376000 -0.972652 -4.698688 0.713819 -1.342460 
3.380000 -0.971715 -4.712200 0.726005 -1.344936 
3.384000 -0.970763 -4.725728 0.738266 -1.347424 
3.388000 -0.969795 -4.739272 0.750602 -1.349923 
3.392000 -0.968812 -4.752832 0.763014 -1.352435 
3.396000 -0.967813 -4.766408 0.775502 -1.354959 
3.400000 -0.966798 -4.780000 0.788067 -1.357495 
3.404000 -0.965768 -4.793608 0.800708 -1.360044 
3.408000 -0.964723 -4.807232 0.813425 -1.362605 
3.412000 -0.963662 -4.820872 0.826220 -1.365180 
3.416000 -0.962586 -4.834528 0.839091 -1.367768 
3.420000 -0.961494 -4.848200 0.852041 -1.370369 
3.424000 -0.960387 -4.861888 0.865067 -1.372984 
3.428000 -0.959265 -4.875592 0.878172 -1.375613 
3.432000 -0.958127 -4.889312 0.891354 -1.378256 
3.436000 -0.956974 -4.903048 0.904615 -1.380913 
3.440000 -0.955806 -4.916800 0.917954 -1.383584 
3.444000 -0.954622 -4.930568 0.931371 -1.386271 
3.448000 -0.953423 -4.944352 0.944868 -1.388972 
3.452000 -0.952209 -4.958152 0.958444 -1.391688 
3.456000 -0.950980 -4.971968 0.972099 -1.394420 
3.460000 -0.949735 -4.985800 0.985834 -1.397167 
3.464000 -0.948475 -4.999648 0.999648 -1.399930 
3.468000 -0.947200 -5.013512 1.013542 -1.402709 
3.472000 -0.945910 -5.027392 1.027517 -1.405504 
3.476000 -0.944605 -5.041288 1.041572 -1.408315 
3.480000 -0.943285 -5.055200 1.055708 -1.411143 
3.484000 -0.941949 -5.069128 1.069924 -1.413989 
3.488000 -0.940599 -5.083072 1.084222 -1.416851 
3.492000 -0.939233 -5.097032 1.098601 -1.419730 
3.496000 -0.937852 -5.111008 1.113062 -1.422628 
3.500000 -0.936457 -5.125000 1.127604 -1.425543 
3.504000 -0.935046 -5.139008 1.142229 -1.428476 
3.508000 -0.933620 -5.153032 1.156935 -1.431427 
3.512000 -0.932180 -5.167072 1.171724 -1.434397 
3.516000 -0.930725 -5.181128 1.186596 -1.437385 
3.520000 -0.929254 -5.195200 1.201551 -1.440393 
3.524000 -0.927769 -5.209288 1.216588 -1.443420 
3.528000 -0.926269 -5.223392 1.231709 -1.446466 
3.532000 -0.924754 -5.237512 1.246914 -1.449532 
3.536000 -0.923224 -5.251648 1.262202 -1.452618 
3.540000 -0.921680 -5.265800 1.277575 -1.455724 
3.544000 -0.920121 -5.279968 1.293032 -1.458850 
3.548000 -0.918547 -5.294152 1.308573 -1.461997 
3.552000 -0.916958 -5.308352 1.324199 -1.465166 
3.556000 -0.915355 -5.322568 1.339910 -1.468355 
3.560000 -0.913737 -5.336800 1.355706 -1.471566 
3.564000 -0.912105 -5.351048 1.371587 -1.474798 
3.568000 -0.910458 -5.365312 1.387554 -1.478053 
3.572000 -0.908796 -5.379592 1.403607 -1.481329 
3.576000 -0.907120 -5.393888 1.419746 -1.484628 
3.580000 -0.905429 -5.408200 1.435971 -1.487950 
3.584000 -0.903724 -5.422528 1.452283 -1.491295 
3.588000 -0.902004 -5.436872 1.468682 -1.494663 
3.592000 -0.900270 -5.451232 1.485167 -1.498054 
3.596000 -0.898521 -5.465608 1.501740 -1.501470 
3.600000 -0.896758 -5.480000 1.518400 -1.504909 
3.604000 -0.894981 -5.494408 1.535148 -1.508372 
3.608000 -0.893190 -5.508832 1.551984 -1.511861 
3.612000 -0.891384 -5.523272 1.568908 -1.515374 
3.616000 -0.889564 -5.537728 1.585920 -1.518912 
3.620000 -0.887729 -5.552200 1.603021 -1.522475 
3.624000 -0.885881 -5.566688 1.620211 -1.526064 
3.628000 -0.884018 -5.581192 1.637489 -1.529679 
3.632000 -0.882141 -5.595712 1.654857 -1.533320 
3.636000 -0.880250 -5.610248 1.672315 -1.536988 
3.640000 -0.878345 -5.624800 1.689863 -1.540683 
3.644000 -0.876426 -5.639368 1.707500 -1.544404 
3.648000 -0.874493 -5.653952 1.725228 -1.548153 
3.652000 -0.872546 -5.668552 1.743046 -1.551929 
3.656000 -0.870584 -5.683168 1.760954 -1.555734 
3.660000 -0.868609 -5.697800 1.778954 -1.559566 
3.664000 -0.866621 -5.712448 1.797045 -1.563427 
3.668000 -0.864618 -5.727112 1.815227 -1.567317 
3.672000 -0.862601 -5.741792 1.833501 -1.571236 
3.676000 -0.860571 -5.756488 1.851867 -1.575184 
3.680000 -0.858526 -5.771200 1.870325 -1.579161 
3.684000 -0.856468 -5.785928 1.888875 -1.583169 
3.688000 -0.854397 -5.800672 1.907518 -1.587207 
3.692000 -0.852312 -5.815432 1.926254 -1.591275 
3.696000 -0.850213 -5.830208 1.945082 -1.595374 
3.700000 -0.848100 -5.845000 1.964004 -1.599505 
3.704000 -0.845974 -5.859808 1.983020 -1.603666 
3.708000 -0.843834 -5.874632 2.002129 -1.607860 
3.712000 -0.841681 -5.889472 2.021332 -1.612085 
3.716000 -0.839514 -5.904328 2.040630 -1.616343 
3.720000 -0.837334 -5.919200 2.060021 -1.620634 
3.724000 -0.835141 -5.934088 2.079508 -1.624957 
3.728000 -0.832934 -5.948992 2.099090 -1.629314 
3.732000 -0.830714 -5.963912 2.118766 -1.633704 
3.736000 -0.828481 -5.978848 2.138539 -1.638129 
3.740000 -0.826234 -5.993800 2.158406 -1.642587 
3.744000 -0.823974 -6.008768 2.178370 -1.647080 
3.748000 -0.821701 -6.023752 2.198430 -1.651608 
3.752000 -0.819415 -6.038752 2.218586 -1.656171 
3.756000 -0.817115 -6.053768 2.238839 -1.660769 
3.760000 -0.814803 -6.068800 2.259189 -1.665404 
3.764000 -0.812477 -6.083848 2.279636 -1.670074 
3.768000 -0.810139 -6.098912 2.300180 -1.674781 
3.772000 -0.807787 -6.113992 2.320822 -1.679525 
3.776000 -0.805423 -6.129088 2.341561 -1.684306 
3.780000 -0.803046 -6.144200 2.362399 -1.689124 
3.784000 -0.800656 -6.159328 2.383335 -1.693980 
3.788000 -0.798253 -6.174472 2.404369 -1.698874 
3.792000 -0.795837 -6.189632 2.425503 -1.703807 
3.796000 -0.793409 -6.204808 2.446735 -1.708779 
3.800000 -0.790968 -6.220000 2.468067 -1.713789 
3.804000 -0.788514 -6.235208 2.489498 -1.718840 
3.808000 -0.786048 -6.250432 2.511029 -1.723930 
3.812000 -0.783569 -6.265672 2.532660 -1.729060 
3.816000 -0.781077 -6.280928 2.554391 -1.734231 
3.820000 -0.778573 -6.296200 2.576222 -1.739442 
3.824000 -0.776057 -6.311488 2.598155 -1.744695 
3.828000 -0.773528 -6.326792 2.620188 -1.749989 
3.832000 -0.770987 -6.342112 2.642323 -1.755326 
3.836000 -0.768433 -6.357448 2.664559 -1.760704 
3.840000 -0.765867 -6.372800 2.686897 -1.766125 
3.844000 -0.763289 -6.388168 2.709336 -1.771590 
3.848000 -0.760699 -6.403552 2.731878 -1.777097 
3.852000 -0.758096 -6.418952 2.754523 -1.782648 
3.856000 -0.755482 -6.434368 2.777270 -1.788244 
3.860000 -0.752855 -6.449800 2.800120 -1.793884 
3.864000 -0.750216 -6.465248 2.823073 -1.799568 
3.868000 -0.747565 -6.480712 2.846130 -1.805298 
3.872000 -0.744903 -6.496192 2.869290 -1.811073 
3.876000 -0.742228 -6.511688 2.892555 -1.816894 
3.880000 -0.739542 -6.527200 2.915923 -1.822762 
3.884000 -0.736843 -6.542728 2.939396 -1.828676 
3.888000 -0.734133 -6.558272 2.962974 -1.834637 
3.892000 -0.731411 -6.573832 2.986657 -1.840646 
3.896000 -0.728678 -6.589408 3.010444 -1.846702 
3.900000 -0.725932 -6.605000 3.034337 -1.852807 
3.904000 -0.723175 -6.620608 3.058336 -1.858960 
3.908000 -0.720407 -6.636232 3.082441 -1.865162 
3.912000 -0.717627 -6.651872 3.106652 -1.871413 
3.916000 -0.714836 -6.667528 3.130970 -1.877714 
3.920000 -0.712033 -6.683200 3.155394 -1.884065 
3.924000 -0.709218 -6.698888 3.179925 -1.890467 
3.928000 -0.706393 -6.714592 3.204563 -1.896919 
3.932000 -0.703556 -6.730312 3.229309 -1.903423 
3.936000 -0.700708 -6.746048 3.254162 -1.909978 
3.940000 -0.697848 -6.761800 3.279123 -1.916586 
3.944000 -0.694978 -6.777568 3.304193 -1.923246 
3.948000 -0.692096 -6.793352 3.329371 -1.929959 
3.952000 -0.689203 -6.809152 3.354657 -1.936725 
3.956000 -0.686300 -6.824968 3.380053 -1.943545 
3.960000 -0.683385 -6.840800 3.405557 -1.950419 
3.964000 -0.680459 -6.856648 3.431172 -1.957347 
3.968000 -0.677523 -6.872512 3.456896 -1.964330 
3.972000 -0.674575 -6.888392 3.482729 -1.971369 
3.976000 -0.671617 -6.904288 3.508673 -1.978463 
3.980000 -0.668648 -6.920200 3.534728 -1.985613 
3.984000 -0.665668 -6.936128 3.560893 -1.992820 
3.988000 -0.662678 -6.952072 3.587170 -2.000084 
3.992000 -0.659677 -6.968032 3.613557 -2.007406 
3.996000 -0.656666 -6.984008 3.640056 -2.014785 
